707 607
21
0 1282 1421
1 429 1964
2 854 1986
3 1279 1423
3 1740 1742
3 2169 1197
3 2174 412
3 1843 405
3 2154 2193
3 848 2413
3 456 2386
3 513 3177
3 2134 2606
3 1579 3128
3 2611 3156
3 2536 2826
3 3377 2885
3 3317 2210
3 2965 1844
3 3320 1279
3 2693 1200
2
1 1144 969
2 3560 3026
51
800 828
1006 828
1006 968
1399 828
1399 527
1399 150
2340 150
2340 833
1972 527
1972 828
1972 1360
1957 1595
1957 1979
1395 1979
3666 833
3666 2010
3093 2010
3666 3154
2900 3154
2900 2948
2312 2948
2312 2377
1360 2377
1360 2701
1360 2942
1360 3130
1360 3313
2900 3313
2856 2010
2340 2010
1006 3130
1006 3313
1006 2942
240 3313
240 2164
1006 2164
1006 2701
1006 1979
1006 1782
1163 1979
1006 1544
1006 1401
1006 1208
240 1401
433 1401
433 828
578 828
2603 2370
2603 2660
2889 2660
2889 2370
50
0 1
1 2
1 3
3 4
4 5
3 9
8 9
4 8
9 10
5 6
6 7
7 14
14 15
15 16
7 29
28 29
15 17
17 18
18 19
19 20
20 21
21 22
22 23
18 27
27 26
26 25
25 24
25 30
30 31
30 32
31 33
33 34
34 43
34 35
35 37
37 39
37 38
11 12
12 13
43 44
44 45
45 46
44 41
41 40
41 42
35 36
47 48
48 49
49 50
47 50

