100 500
6
0 800 800
1 800 300
2 800 400
3 1600 100
3 1600 300
3 1600 400
3
1 300 200
2 300 300
3 300 400
40
133 2920
320 2930
320 2352
473 2352
158 2352
158 484
920 484
920 628
920 117
920 863
920 1051
920 1801
920 1946
920 2180
920 2369
920 2745
920 3036
711 2369
1684 1051
1684 1801
1826 1051
1826 1801
2058 1051
2058 1801
2442 117
2442 449
2442 685
2442 878
2442 1051
2442 1801
2442 2018
2442 2149
2442 2376
2442 2745
3016 878
3016 2018
3764 117
3764 2745
39
0 1
1 2
2 3
2 4
4 5
5 6
6 7
6 8
9 10
10 11
11 12
13 14
14 17
14 15
15 16
10 18
11 19
18 19
18 20
19 21
8 24
24 25
26 27
27 28
22 28
23 29
29 30
30 31
32 33
15 33
28 34
34 35
29 35
27 36
36 37
30 37
24 38
38 39
33 39
