20 20
3
1 200 200
2 200 300
3 200 400
3
1 300 200
2 300 300
3 300 400
44
255 260
1454 260
1454 350
1454 500
1454 618
1693 618
1693 707
2413 618
2413 1218
2294 1218
2174 1218
2290 1560
2294 1810
2294 2416
2173 2416
2053 2416
2173 2776
1333 2776
1904 2416
1333 2416
1333 2507
1094 2416
375 2416
1094 2058
614 2058
464 2058
373 2058
373 1340
255 1340
2024 1218
1934 1218
1934 1816
615 1816
615 1697
1693 1218
1693 1095
1693 980
1574 1095
1452 1095
1452 1180
1452 1334
616 1334
616 1425
2294 1556
38
0 1
1 2
3 4
4 5
5 6
5 7
7 8
8 9
9 10
9 11
12 13
13 14
14 15
14 16
16 17
18 19
19 20
19 21
21 22
21 23
23 24
22 26
26 27
27 28
28 0
29 30
30 31
31 32
32 33
30 34
34 35
35 36
35 37
37 38
38 39
40 41
41 42
9 43
5
2 3
24 25
17 20
6 36
39 40
